kinematics:
  shoulder:
    x: 0
    y: 0
    z: 0.16245226892578707
    roll: -0
    pitch: 0
    yaw: 2.510867122952707e-08
  upper_arm:
    x: 9.0615224828051425e-06
    y: 0
    z: 0
    roll: 1.5696027826154739
    pitch: 0
    yaw: -8.4845152992230066e-07
  forearm:
    x: -0.42497022004815166
    y: 0
    z: 0
    roll: 0.0012829041483843095
    pitch: -0.00028419993677901727
    yaw: 7.7230360836931255e-06
  wrist_1:
    x: -0.39206294690389548
    y: -0.0010670188114896533
    z: 0.13346496148843295
    roll: 0.0079945782568611491
    pitch: -0.0002476145100862154
    yaw: -8.7026028448886452e-06
  wrist_2:
    x: -5.9529358982014611e-05
    y: -0.099695303635247048
    z: 3.1590255957358045e-05
    roll: 1.570479458760514
    pitch: 0
    yaw: -2.5954891802603569e-07
  wrist_3:
    x: 3.4106668971581332e-05
    y: 0.099417138523022142
    z: 0.00016248558914668291
    roll: 1.5724307074146109
    pitch: 3.1415926535897931
    yaw: -3.1415925485488425
  hash: calib_2950845739325330457
