kinematics:
  shoulder:
    x: 0
    y: 0
    z: 0.12810283567613606
    roll: -0
    pitch: 0
    yaw: -9.1787166309425603e-05
  upper_arm:
    x: 1.4924638577680624e-05
    y: 0
    z: 0
    roll: 1.5714798531609133
    pitch: 0
    yaw: -8.8341192888030662e-05
  forearm:
    x: -0.61253412539413954
    y: 0
    z: 0
    roll: 3.1413809596922428
    pitch: -3.1410557436900786
    yaw: -3.1415540507260209
  wrist_1:
    x: -0.57165702756862968
    y: 0.00072825082884282418
    z: 0.16340350883665022
    roll: 3.1371359193837853
    pitch: -3.1414530906499811
    yaw: 3.1415258748195596
  wrist_2:
    x: -0.00023439665986259677
    y: -0.11568761073217418
    z: 6.0418563502811439e-05
    roll: 1.570274070715552
    pitch: 0
    yaw: -2.6155962705224535e-06
  wrist_3:
    x: 8.0574854854415884e-05
    y: 0.092278578304161363
    z: 1.8317860579783349e-05
    roll: 1.5709948328910655
    pitch: 3.1415926535897931
    yaw: 3.1415783873884022
  hash: calib_8582673122602606098
